# Created by Octave 5.1.0, Mon Sep 23 15:49:39 2019 GMT <unknown@DESKTOP-GTF3N1M>
# name: N
# type: matrix
# rows: 1
# columns: 2
 -0.70710678118654746 -0.70710678118654757


# name: T
# type: matrix
# rows: 1
# columns: 2
 0.70710678118654757 -0.70710678118654746


# name: in
# type: matrix
# rows: 101
# columns: 2
 1.4142135623730949 2.1213203435596428
 1.4071424945612294 2.1142492757477775
 1.4000714267493639 2.1071782079359118
 1.3930003589374984 2.1001071401240465
 1.3859292911256331 2.0930360723121808
 1.3788582233137676 2.0859650045003155
 1.3717871555019021 2.0788939366884498
 1.3647160876900366 2.0718228688765845
 1.3576450198781711 2.0647518010647192
 1.3505739520663056 2.0576807332528535
 1.3435028842544401 2.0506096654409882
 1.3364318164425748 2.0435385976291225
 1.3293607486307093 2.0364675298172572
 1.3222896808188438 2.0293964620053915
 1.3152186130069783 2.0223253941935262
 1.3081475451951128 2.0152543263816609
 1.3010764773832473 2.0081832585697952
 1.2940054095713818 2.0011121907579299
 1.2869343417595163 1.9940411229460642
 1.279863273947651 1.9869700551341989
 1.2727922061357855 1.9798989873223334
 1.26572113832392 1.9728279195104679
 1.2586500705120545 1.9657568516986024
 1.251579002700189 1.9586857838867369
 1.2445079348883235 1.9516147160748714
 1.2374368670764579 1.9445436482630059
 1.2303657992645927 1.9374725804511406
 1.2232947314527272 1.9304015126392751
 1.2162236636408617 1.9233304448274096
 1.2091525958289961 1.9162593770155441
 1.2020815280171306 1.9091883092036785
 1.1950104602052651 1.902117241391813
 1.1879393923933996 1.8950461735799475
 1.1808683245815343 1.887975105768082
 1.1737972567696688 1.8809040379562165
 1.1667261889578033 1.8738329701443512
 1.1596551211459378 1.8667619023324857
 1.1525840533340723 1.8596908345206202
 1.1455129855222068 1.8526197667087547
 1.1384419177103413 1.8455486988968892
 1.131370849898476 1.8384776310850237
 1.1242997820866105 1.8314065632731582
 1.117228714274745 1.8243354954612929
 1.1101576464628795 1.8172644276494274
 1.103086578651014 1.8101933598375619
 1.0960155108391485 1.8031222920256964
 1.088944443027283 1.7960512242138309
 1.0818733752154177 1.7889801564019654
 1.0748023074035522 1.7819090885900999
 1.0677312395916867 1.7748380207782346
 1.0606601717798212 1.7677669529663691
 1.0535891039679557 1.7606958851545036
 1.0465180361560902 1.7536248173426381
 1.0394469683442247 1.7465537495307726
 1.0323759005323594 1.7394826817189071
 1.0253048327204939 1.7324116139070416
 1.0182337649086284 1.7253405460951763
 1.0111626970967629 1.7182694782833106
 1.0040916292848974 1.7111984104714453
 0.99702056147303186 1.7041273426595798
 0.98994949366116647 1.6970562748477143
 0.98287842584930096 1.6899852070358488
 0.97580735803743557 1.6829141392239833
 0.96873629022557006 1.6758430714121177
 0.96166522241370456 1.6687720036002522
 0.95459415460183905 1.661700935788387
 0.94752308678997355 1.6546298679765215
 0.94045201897810815 1.6475588001646559
 0.93338095116624265 1.6404877323527904
 0.92630988335437725 1.6334166645409249
 0.91923881554251174 1.6263455967290594
 0.91216774773064624 1.6192745289171939
 0.90509667991878073 1.6122034611053286
 0.89802561210691534 1.6051323932934629
 0.89095454429504983 1.5980613254815976
 0.88388347648318433 1.5909902576697321
 0.87681240867131882 1.5839191898578666
 0.86974134085945343 1.5768481220460011
 0.86267027304758792 1.5697770542341356
 0.85559920523572242 1.5627059864222703
 0.84852813742385691 1.5556349186104046
 0.84145706961199151 1.5485638507985393
 0.83438600180012601 1.5414927829866738
 0.8273149339882605 1.5344217151748083
 0.82024386617639511 1.5273506473629428
 0.8131727983645296 1.5202795795510773
 0.8061017305526641 1.513208511739212
 0.79903066274079859 1.5061374439273463
 0.7919595949289332 1.499066376115481
 0.78488852711706769 1.4919953083036155
 0.77781745930520219 1.48492424049175
 0.77074639149333679 1.4778531726798845
 0.76367532368147129 1.470782104868019
 0.75660425586960578 1.4637110370561537
 0.74953318805774027 1.456639969244288
 0.74246212024587488 1.4495689014324227
 0.73539105243400937 1.4424978336205572
 0.72831998462214387 1.4354267658086917
 0.72124891681027847 1.4283556979968262
 0.71417784899841297 1.4212846301849607
 0.70710678118654746 1.4142135623730954


